,header,joint_position,rege_current,servo1_position,servo2_position,servo_current
0,-0.0003941059112548828,-0.00573283329999974,1.0868000984191895,0.013722039999999769,0.0,0.0
1,0.004606008529663086,-0.00573283329999974,1.377600073814392,0.007264089999999834,0.0,0.0
2,0.00860595703125,-0.011465666599999924,1.0824000835418701,0.007264089999999834,0.0,0.0
3,0.013605833053588867,-0.011465666599999924,1.1808000802993774,0.007264089999999834,0.0,0.0
4,0.017606019973754883,-0.00573283329999974,0.036000002175569534,0.007264089999999834,0.0,0.0
5,0.023606061935424805,-0.011465666599999924,0.030800001695752144,0.007264089999999834,0.0,0.0
6,0.02760601043701172,-0.00573283329999974,0.035200003534555435,0.020179989999999925,0.0,0.0
7,0.032605886459350586,-0.011465666599999924,0.02800000086426735,0.007264089999999834,0.0,0.0
8,0.0366058349609375,-0.011465666599999924,0.035200003534555435,0.007264089999999834,0.0,0.0
9,0.04160594940185547,-0.011465666599999924,0.04320000484585762,0.007264089999999834,0.0,0.0
10,0.04560589790344238,-0.011465666599999924,0.046800002455711365,0.007264089999999834,0.0,0.0
11,0.05060601234436035,-0.011465666599999924,0.02240000106394291,1.9123593399999996,0.0,0.0
12,0.05560588836669922,-0.011465666599999924,0.035200003534555435,1.8542377899999996,0.0,0.0
13,0.05960583686828613,-0.011465666599999924,0.03200000151991844,1.6927890399999996,0.0,0.0
14,0.06360602378845215,-0.011465666599999924,0.041600000113248825,1.5507141399999997,0.0,0.0
15,0.06960606575012207,-0.011465666599999924,0.03200000151991844,1.3634335899999996,0.0,0.0
16,0.07460594177246094,-0.00573283329999974,0.03360000252723694,1.24719049,0.0,0.0
17,0.07860589027404785,-0.011465666599999924,0.041600000113248825,1.0986576399999999,0.0,0.0
18,0.08360600471496582,-0.011465666599999924,0.035200003534555435,0.99533044,0.0,0.0
19,0.08760595321655273,-0.00573283329999974,0.03960000351071358,0.8726293899999997,0.0,0.0
20,0.0926058292388916,-0.011465666599999924,0.03200000151991844,0.7886760399999999,0.0,0.0
21,0.09660601615905762,-0.011465666599999924,0.03200000151991844,0.6401431899999999,0.0,0.0
22,0.10160589218139648,-0.00573283329999974,0.02240000106394291,0.5497318899999999,0.0,0.0
23,0.1056058406829834,-0.011465666599999924,0.03360000252723694,0.48515238999999966,0.0,0.0
24,0.11160588264465332,-0.017198499900000108,0.03840000182390213,0.37536723999999966,0.0,0.0
25,0.11560583114624023,-0.017198499900000108,0.04320000484585762,0.31724569,0.0,0.0
26,0.1206059455871582,-0.017198499900000108,0.041600000113248825,0.2526661899999998,0.0,0.0
27,0.12460589408874512,-0.022931333199999848,0.028800001367926598,0.21391848999999974,0.0,0.0
28,0.12960600852966309,-0.028664166500000032,0.035200003534555435,0.1428810399999998,0.0,0.0
29,0.13360595703125,-0.03439699979999977,0.041600000113248825,0.09767539000000003,0.0,0.0
30,0.13860583305358887,-0.03439699979999977,0.03200000151991844,0.033095889999999795,0.0,0.0
31,0.14260601997375488,-0.040129833099999956,0.03840000182390213,-0.005651810000000035,0.0,0.0
32,0.14760589599609375,-0.040129833099999956,0.03200000151991844,-0.044399510000000086,0.0,0.0
33,0.15260601043701172,-0.05159549969999988,0.035200003534555435,-0.12189491000000019,0.0,0.0
34,0.15760588645935059,-0.06879399959999999,0.036000002175569534,-0.12835286000000012,0.0,0.0
35,0.1616058349609375,-0.07452683289999973,0.028800001367926598,-0.2316800600000002,0.0,0.0
36,0.16660594940185547,-0.0859924995000001,0.06000000238418579,-0.28980161000000004,0.0,0.0
37,0.17060589790344238,-0.09172533279999984,0.23520001769065857,-0.2833436600000001,0.0,0.0
38,0.17560601234436035,-0.09745816610000002,0.9396000504493713,-0.3414652100000002,0.0,0.0
39,0.17960596084594727,-0.10319099939999976,3.5256001949310303,-0.35438111000000005,0.0,0.0
40,0.18460583686828613,-0.12612233260000005,7.557600021362305,-0.42541856,0.0,0.0
41,0.18860602378845215,-0.13758799919999998,12.815199851989746,-0.8064376100000001,0.0,0.0
42,0.19460606575012207,-0.14332083249999972,14.964000701904297,-0.84518531,0.0,0.0
43,0.19860601425170898,-0.14332083249999972,15.699200630187988,-0.8774750600000001,0.0,0.0
44,0.20360589027404785,-0.17198499899999975,15.910401344299316,-0.8968489100000001,0.0,0.0
45,0.20760583877563477,-0.17771783229999993,15.840001106262207,-0.8903909600000002,0.0,0.0
46,0.21260595321655273,-0.18918349889999986,16.142398834228516,-0.9162227600000001,0.0,0.0
47,0.21660590171813965,-0.20638199879999997,16.425600051879883,-0.9162227600000001,0.0,0.0
48,0.22160601615905762,-0.2350461653,16.304800033569336,-0.9226807100000001,0.0,0.0
49,0.22560596466064453,-0.24077899859999974,16.16240119934082,-0.92913866,0.0,0.0
50,0.2306058406829834,-0.26944316509999977,16.304800033569336,-0.92913866,0.0,0.0
51,0.23560595512390137,-0.28090883170000014,16.447200775146484,-0.92913866,0.0,0.0
52,0.24060583114624023,-0.3038401649,16.396400451660156,-0.9355966100000002,0.0,0.0
53,0.24460601806640625,-0.3210386648000001,16.375999450683594,-0.9355966100000002,0.0,0.0
54,0.24960589408874512,-0.33823716469999976,16.589599609375,-0.9420545600000001,0.0,0.0
55,0.2546060085296631,-0.36116849790000005,16.304800033569336,-0.9420545600000001,0.0,0.0
56,0.25860595703125,-0.3840998310999999,16.447200775146484,-0.94851251,0.0,0.0
57,0.2626059055328369,-0.3955654976999998,16.518400192260742,-0.94851251,0.0,0.0
58,0.2676060199737549,-0.4184968309000001,16.375999450683594,-0.9355966100000002,0.0,0.0
59,0.27260589599609375,-0.44716099740000015,16.304800033569336,-0.9549704600000001,0.0,0.0
60,0.27660584449768066,-0.4643594972999998,16.304800033569336,-0.94851251,0.0,0.0
61,0.2826058864593506,-0.49875649710000003,16.468000411987305,-0.9162227600000001,0.0,0.0
62,0.2866058349609375,-0.5159549970000001,16.16240119934082,-0.9549704600000001,0.0,0.0
63,0.29160594940185547,-0.5388863302,16.233600616455078,-0.9226807100000001,0.0,0.0
64,0.2956058979034424,-0.5618176633999998,16.447200775146484,-0.9614284100000001,0.0,0.0
65,0.30060601234436035,-0.5847489966000001,16.284000396728516,-0.8968489100000001,0.0,0.0
66,0.30460596084594727,-0.5962146632,16.354801177978516,-0.9549704600000001,0.0,0.0
67,0.30960583686828613,-0.6134131631000002,16.304800033569336,-0.90330686,0.0,0.0
68,0.31360602378845215,-0.6478101628999999,16.375999450683594,-0.9549704600000001,0.0,0.0
69,0.318605899810791,-0.6707414960999998,16.284000396728516,-0.92913866,0.0,0.0
70,0.323606014251709,-0.6879399959999999,16.233600616455078,-0.9614284100000001,0.0,0.0
71,0.32860589027404785,-0.7108713291999997,16.213199615478516,-0.81935351,0.0,0.0
72,0.33260583877563477,-0.7280698290999998,16.304800033569336,-0.9614284100000001,0.0,0.0
73,0.33760595321655273,-0.7510011623000001,16.304800033569336,-0.8774750600000001,0.0,0.0
74,0.34160590171813965,-0.7739324955,16.375999450683594,-0.9549704600000001,0.0,0.0
75,0.3466060161590576,-0.7853981620999999,16.09119987487793,-0.72894221,0.0,0.0
76,0.35060596466064453,-0.8083294952999998,16.304800033569336,-0.9614284100000001,0.0,0.0
77,0.3556058406829834,-0.8312608285,16.05120086669922,-0.9614284100000001,0.0,0.0
78,0.3596060276031494,-0.8541921616999999,16.396400451660156,-0.9614284100000001,0.0,0.0
79,0.36560583114624023,-0.8771234948999997,16.354801177978516,-0.9614284100000001,0.0,0.0
80,0.36960601806640625,-0.8885891615000001,16.375999450683594,-0.9614284100000001,0.0,0.0
81,0.3746058940887451,-0.9115204947,16.324800491333008,-0.9614284100000001,0.0,0.0
82,0.37860584259033203,-0.9344518278999998,16.16240119934082,-0.9614284100000001,0.0,0.0
83,0.38360595703125,-0.9459174945000002,16.213199615478516,-0.9678863600000001,0.0,0.0
84,0.3876059055328369,-0.9631159944000001,16.518400192260742,-0.94851251,0.0,0.0
85,0.3926060199737549,-0.974581661,16.447200775146484,-0.9614284100000001,0.0,0.0
86,0.3966059684753418,-0.9860473275999999,16.304800033569336,-0.9614284100000001,0.0,0.0
87,0.40160584449768066,-1.0147114941,16.142398834228516,-0.9614284100000001,0.0,0.0
88,0.40660595893859863,-1.0204443274,16.233600616455078,-0.9678863600000001,0.0,0.0
89,0.4116058349609375,-1.0433756606,15.930000305175781,-0.9614284100000001,0.0,0.0
90,0.4156060218811035,-1.0548413272,16.00080108642578,-0.9678863600000001,0.0,0.0
91,0.4206058979034424,-1.0720398271,15.660000801086426,-0.9614284100000001,0.0,0.0
92,0.4246058464050293,-1.0777726604,14.688000679016113,-0.9614284100000001,0.0,0.0
93,0.42960596084594727,-1.0949711602999999,12.880001068115234,-0.9678863600000001,0.0,0.0
94,0.43460583686828613,-1.1007039936,11.199600219726562,-0.9678863600000001,0.0,0.0
95,0.43860602378845215,-1.1064368269,9.372000694274902,-0.9614284100000001,0.0,0.0
96,0.44260597229003906,-1.1351009934,7.884000301361084,-0.9614284100000001,0.0,0.0
97,0.44760584831237793,-1.1351009934,6.807199954986572,-0.9549704600000001,0.0,0.0
98,0.45360589027404785,-1.14656666,5.760000228881836,-0.9614284100000001,0.0,0.0
99,0.45760583877563477,-1.1522994933,4.92680025100708,-0.9614284100000001,0.0,0.0
100,0.4616060256958008,-1.1694979932,4.066000461578369,-0.9678863600000001,0.0,0.0
101,0.46660590171813965,-1.1694979932,3.4056003093719482,-0.9678863600000001,0.0,0.0
102,0.4716060161590576,-1.1809636598,2.8500001430511475,-0.9678863600000001,0.0,0.0
103,0.47560596466064453,-1.1866964931,2.252800226211548,-0.9614284100000001,0.0,0.0
104,0.4806058406829834,-1.1866964931,1.9024001359939575,-0.9614284100000001,0.0,0.0
105,0.4846060276031494,-1.1866964931,1.5092002153396606,-0.9678863600000001,0.0,0.0
106,0.4896059036254883,-1.1866964931,1.1808000802993774,-0.9678863600000001,0.0,0.0
107,0.49460601806640625,-1.1924293263999999,0.7192000150680542,-0.9678863600000001,0.0,0.0
108,0.4996058940887451,-1.1924293263999999,0.37720000743865967,-0.9678863600000001,0.0,0.0
109,0.503605842590332,-1.1924293263999999,0.07600000500679016,-0.9678863600000001,0.0,0.0
110,0.50860595703125,-1.1866964931,0.04400000348687172,-0.9614284100000001,0.0,0.0
111,0.5126059055328369,-1.1924293263999999,0.035200003534555435,-0.9678863600000001,0.0,0.0
112,0.5176060199737549,-1.1866964931,0.03360000252723694,-0.9678863600000001,0.0,0.0
113,0.5216059684753418,-1.1866964931,0.02800000086426735,-0.9678863600000001,0.0,0.0
114,0.5266058444976807,-1.1866964931,0.03200000151991844,-0.9678863600000001,0.0,0.0
115,0.5306060314178467,-1.1866964931,0.036400001496076584,-0.9678863600000001,0.0,0.0
116,0.5366058349609375,-1.1866964931,0.035200003534555435,-0.9678863600000001,0.0,0.0
117,0.5406060218811035,-1.1866964931,0.041600000113248825,-0.9614284100000001,0.0,0.0
118,0.5456058979034424,-1.1866964931,0.030800001695752144,-0.9678863600000001,0.0,0.0
119,0.5496058464050293,-1.1866964931,0.03360000252723694,-0.9678863600000001,0.0,0.0
120,0.5546059608459473,-1.1866964931,0.04320000484585762,-0.9678863600000001,0.0,0.0
121,0.5586059093475342,-1.1866964931,0.035200003534555435,-0.9678863600000001,0.0,0.0
122,0.5636060237884521,-1.1809636598,0.03360000252723694,-0.9678863600000001,0.0,0.0
123,0.5676059722900391,-1.1694979932,0.035200003534555435,-0.9614284100000001,0.0,0.0
124,0.5726058483123779,-1.1637651599,0.04840000346302986,-0.9678863600000001,0.0,0.0
125,0.5776059627532959,-1.1522994933,0.15680000185966492,-0.9678863600000001,0.0,0.0
126,0.5826058387756348,-1.1522994933,0.3960000276565552,-0.9678863600000001,0.0,0.0
127,0.5866060256958008,-1.14656666,1.4784001111984253,-0.9678863600000001,0.0,0.0
128,0.5916059017181396,-1.1408338267,2.587200164794922,-0.9678863600000001,0.0,0.0
129,0.5966060161590576,-1.1351009934,2.880000114440918,-0.9678863600000001,0.0,0.0
130,0.6006059646606445,-1.1293681601,2.657200336456299,-0.9678863600000001,0.0,0.0
131,0.6046059131622314,-1.1293681601,2.252800226211548,-0.9678863600000001,0.0,0.0
132,0.6096060276031494,-1.1121696602,1.8924000263214111,-0.9614284100000001,0.0,0.0
133,0.6146059036254883,-1.1064368269,1.6848000288009644,-0.9678863600000001,0.0,0.0
134,0.6196060180664062,-1.1064368269,1.4168001413345337,-0.9678863600000001,0.0,0.0
135,0.6246058940887451,-1.1007039936,1.5552000999450684,-0.9678863600000001,0.0,0.0
136,0.628605842590332,-1.089238327,2.0064001083374023,-0.9678863600000001,0.0,0.0
137,0.63360595703125,-1.0835054937,2.8032000064849854,-0.9678863600000001,0.0,0.0
138,0.6376059055328369,-1.0777726604,3.5360000133514404,-0.9678863600000001,0.0,0.0
139,0.6426060199737549,-1.0720398271,3.81600022315979,-0.9678863600000001,0.0,0.0
140,0.6466059684753418,-1.0663069938,3.7800002098083496,-0.9678863600000001,0.0,0.0
141,0.6516058444976807,-1.0605741604999999,3.6256003379821777,-0.9614284100000001,0.0,0.0
142,0.6556060314178467,-1.0548413272,3.033600091934204,-0.9678863600000001,0.0,0.0
143,0.6606059074401855,-1.0491084939,2.5199999809265137,-0.9743443100000001,0.0,0.0
144,0.6656060218811035,-1.0433756606,2.1080000400543213,-0.9678863600000001,0.0,0.0
145,0.6706058979034424,-1.0376428273,1.6640000343322754,-0.9678863600000001,0.0,0.0
146,0.6746058464050293,-1.0261771606999999,1.3376001119613647,-0.9678863600000001,0.0,0.0
147,0.6796059608459473,-1.0147114941,1.5168001651763916,-0.9614284100000001,0.0,0.0
148,0.6836059093475342,-1.0147114941,2.041600227355957,-0.9678863600000001,0.0,0.0
149,0.6886060237884521,-1.0032458275,2.366000175476074,-0.9678863600000001,0.0,0.0
150,0.6926059722900391,-0.9975129942000001,2.1672000885009766,-0.9678863600000001,0.0,0.0
151,0.6976058483123779,-1.0032458275,2.098400115966797,-0.9614284100000001,0.0,0.0
152,0.701606035232544,-0.9860473275999999,2.018400192260742,-0.9678863600000001,0.0,0.0
153,0.7076058387756348,-0.974581661,2.1120002269744873,-0.9678863600000001,0.0,0.0
154,0.7116060256958008,-0.974581661,2.157600164413452,-0.9614284100000001,0.0,0.0
155,0.7166059017181396,-0.9688488277,2.00600004196167,-0.9678863600000001,0.0,0.0
156,0.7206058502197266,-0.9688488277,1.652400016784668,-0.9678863600000001,0.0,0.0
157,0.7256059646606445,-0.9573831610999999,1.5708000659942627,-0.9678863600000001,0.0,0.0
158,0.7296059131622314,-0.9516503277999999,1.3616000413894653,-0.9678863600000001,0.0,0.0
159,0.7346060276031494,-0.9401846612,1.050800085067749,-0.9678863600000001,0.0,0.0
160,0.7386059761047363,-0.9401846612,1.1200000047683716,-0.9678863600000001,0.0,0.0
161,0.7436058521270752,-0.9344518278999998,1.079200029373169,-0.9678863600000001,0.0,0.0
162,0.7486059665679932,-0.9287189946000001,1.0640000104904175,-0.9678863600000001,0.0,0.0
163,0.753605842590332,-0.9229861612999999,1.1152000427246094,-0.9678863600000001,0.0,0.0
164,0.757606029510498,-0.9172533280000001,0.897599995136261,-0.9678863600000001,0.0,0.0
165,0.7626059055328369,-0.9172533280000001,0.768000066280365,-0.9614284100000001,0.0,0.0
166,0.7666058540344238,-0.9057876613999998,0.615600049495697,-0.9678863600000001,0.0,0.0
167,0.7716059684753418,-0.9057876613999998,0.5184000134468079,-0.9678863600000001,0.0,0.0
168,0.7766058444976807,-0.8943219947999999,0.4896000325679779,-0.9678863600000001,0.0,0.0
169,0.7806060314178467,-0.8943219947999999,0.3864000141620636,-0.9678863600000001,0.0,0.0
170,0.7846059799194336,-0.8943219947999999,0.3344000279903412,-0.9678863600000001,0.0,0.0
171,0.7906060218811035,-0.8885891615000001,0.23399999737739563,-0.9678863600000001,0.0,0.0
172,0.7956058979034424,-0.8828563281999999,0.29600000381469727,-0.9678863600000001,0.0,0.0
173,0.7996058464050293,-0.8771234948999997,0.19200000166893005,-0.9678863600000001,0.0,0.0
174,0.8046059608459473,-0.8713906616,0.2232000082731247,-0.9678863600000001,0.0,0.0
175,0.8086059093475342,-0.8713906616,0.1972000151872635,-0.9678863600000001,0.0,0.0
176,0.8136060237884521,-0.8713906616,0.13519999384880066,-0.9614284100000001,0.0,0.0
177,0.8176059722900391,-0.8656578282999998,0.12880000472068787,-0.9614284100000001,0.0,0.0
178,0.8226058483123779,-0.8656578282999998,0.1064000055193901,-0.9614284100000001,0.0,0.0
179,0.826606035232544,-0.8599249950000001,0.07480000704526901,-0.9614284100000001,0.0,0.0
180,0.8316059112548828,-0.8541921616999999,0.07800000160932541,-0.9678863600000001,0.0,0.0
181,0.8366060256958008,-0.8541921616999999,0.04800000041723251,-0.9614284100000001,0.0,0.0
182,0.8416059017181396,-0.8541921616999999,0.0528000071644783,-0.9678863600000001,0.0,0.0
183,0.8456058502197266,-0.8541921616999999,0.036000002175569534,-0.9678863600000001,0.0,0.0
184,0.8506059646606445,-0.8484593284000002,0.03200000151991844,-0.9678863600000001,0.0,0.0
185,0.8546059131622314,-0.8484593284000002,0.04480000212788582,-0.9678863600000001,0.0,0.0
186,0.8596060276031494,-0.8484593284000002,0.035200003534555435,-0.9678863600000001,0.0,0.0
187,0.8636059761047363,-0.8484593284000002,0.030800001695752144,-0.9678863600000001,0.0,0.0
188,0.8686058521270752,-0.8484593284000002,0.030800001695752144,-0.9678863600000001,0.0,0.0
189,0.8726060390472412,-0.8484593284000002,0.028800001367926598,-0.9678863600000001,0.0,0.0
190,0.878605842590332,-0.8484593284000002,0.03840000182390213,-0.9678863600000001,0.0,0.0
191,0.882606029510498,-0.8484593284000002,0.035200003534555435,-0.9678863600000001,0.0,0.0
192,0.8876059055328369,-0.8484593284000002,0.030800001695752144,-0.94851251,0.0,0.0
193,0.8916058540344238,-0.8484593284000002,0.03200000151991844,-0.9678863600000001,0.0,0.0
194,0.8966059684753418,-0.8484593284000002,0.03840000182390213,-0.9678863600000001,0.0,0.0
195,0.9006059169769287,-0.8484593284000002,0.030800001695752144,-0.9678863600000001,0.0,0.0
196,0.9056060314178467,-0.8541921616999999,0.036400001496076584,-0.9678863600000001,0.0,0.0
197,0.9106059074401855,-0.8541921616999999,0.035200003534555435,-0.9678863600000001,0.0,0.0
198,0.9146058559417725,-0.8541921616999999,0.03240000084042549,-0.9678863600000001,0.0,0.0
199,0.9206058979034424,-0.8599249950000001,0.03840000182390213,-0.9678863600000001,0.0,0.0
200,0.9246058464050293,-0.8599249950000001,0.046800002455711365,-0.9678863600000001,0.0,0.0
201,0.9286060333251953,-0.8599249950000001,0.02800000086426735,-0.9614284100000001,0.0,0.0
202,0.9336059093475342,-0.8599249950000001,0.036400001496076584,-0.9678863600000001,0.0,0.0
203,0.9386060237884521,-0.8656578282999998,0.03960000351071358,-0.9678863600000001,0.0,0.0
204,0.9426059722900391,-0.8656578282999998,0.035200003534555435,-0.9678863600000001,0.0,0.0
205,0.9476058483123779,-0.8541921616999999,0.03840000182390213,-0.94851251,0.0,0.0
206,0.951606035232544,-0.8599249950000001,0.03200000151991844,-0.9614284100000001,0.0,0.0
207,0.9566059112548828,-0.8599249950000001,0.03840000182390213,-0.9614284100000001,0.0,0.0
208,0.9616060256958008,-0.8599249950000001,0.041600000113248825,-0.9678863600000001,0.0,0.0
209,0.9666059017181396,-0.8656578282999998,0.03200000151991844,-0.9678863600000001,0.0,0.0
210,0.9706058502197266,-0.8656578282999998,0.030800001695752144,-0.9678863600000001,0.0,0.0
211,0.9756059646606445,-0.8656578282999998,0.03200000151991844,-0.9678863600000001,0.0,0.0
212,0.9796059131622314,-0.8599249950000001,0.02800000086426735,-0.9678863600000001,0.0,0.0
213,0.9846060276031494,-0.8599249950000001,0.02800000086426735,-0.9678863600000001,0.0,0.0
214,0.9886059761047363,-0.8656578282999998,0.03360000252723694,-0.9678863600000001,0.0,0.0
215,0.9936058521270752,-0.8656578282999998,0.030800001695752144,-0.9678863600000001,0.0,0.0
216,0.9976060390472412,-0.8656578282999998,0.03200000151991844,-0.9678863600000001,0.0,0.0
217,1.003605842590332,-0.8656578282999998,0.041600000113248825,-0.9678863600000001,0.0,0.0
218,1.007606029510498,-0.8599249950000001,0.03200000151991844,-0.9549704600000001,0.0,0.0
219,1.012605905532837,-0.8656578282999998,0.05040000379085541,-0.9614284100000001,0.0,0.0
220,1.0166058540344238,-0.8656578282999998,0.03200000151991844,-0.9678863600000001,0.0,0.0
221,1.0216059684753418,-0.8656578282999998,0.035200003534555435,-0.9678863600000001,0.0,0.0
222,1.0256059169769287,-0.8656578282999998,0.036400001496076584,-0.9678863600000001,0.0,0.0
223,1.0306060314178467,-0.8656578282999998,0.04320000484585762,-0.9614284100000001,0.0,0.0
224,1.0356059074401855,-0.8656578282999998,0.03200000151991844,-0.9678863600000001,0.0,0.0
225,1.0396058559417725,-0.8656578282999998,0.04320000484585762,-0.9614284100000001,0.0,0.0
226,1.0436060428619385,-0.8656578282999998,0.035200003534555435,-0.9614284100000001,0.0,0.0
227,1.0496058464050293,-0.8656578282999998,0.035200003534555435,-0.9678863600000001,0.0,0.0
228,1.0546059608459473,-0.8656578282999998,0.041600000113248825,-0.9678863600000001,0.0,0.0
229,1.0586059093475342,-0.8656578282999998,0.05120000243186951,-0.9678863600000001,0.0,0.0
230,1.0636060237884521,-0.8656578282999998,0.03200000151991844,-0.9614284100000001,0.0,0.0
231,1.067605972290039,-0.8541921616999999,0.03840000182390213,-0.94851251,0.0,0.0
232,1.072605848312378,-0.8599249950000001,0.02800000086426735,-0.9614284100000001,0.0,0.0
233,1.076606035232544,-0.8599249950000001,0.03840000182390213,-0.9678863600000001,0.0,0.0
234,1.0816059112548828,-0.8656578282999998,0.03360000252723694,-0.9678863600000001,0.0,0.0
235,1.0856058597564697,-0.8656578282999998,0.03360000252723694,-0.9678863600000001,0.0,0.0
236,1.0916059017181396,-0.8656578282999998,0.035200003534555435,-0.9614284100000001,0.0,0.0
237,1.0956058502197266,-0.8656578282999998,0.041600000113248825,-0.9678863600000001,0.0,0.0
238,1.1006059646606445,-0.8656578282999998,0.03840000182390213,-0.9678863600000001,0.0,0.0
239,1.1046059131622314,-0.8656578282999998,0.03200000151991844,-0.9678863600000001,0.0,0.0
240,1.1096060276031494,-0.8656578282999998,0.03200000151991844,-0.9678863600000001,0.0,0.0
241,1.1136059761047363,-0.8656578282999998,0.028800001367926598,-0.9678863600000001,0.0,0.0
242,1.1186058521270752,-0.8599249950000001,0.041600000113248825,-0.9678863600000001,0.0,0.0
243,1.1226060390472412,-0.8599249950000001,0.025200000032782555,-0.9678863600000001,0.0,0.0
244,1.12760591506958,-0.8599249950000001,0.02800000086426735,-0.94851251,0.0,0.0
245,1.132606029510498,-0.8656578282999998,0.03840000182390213,-0.9678863600000001,0.0,0.0
246,1.137605905532837,-0.8656578282999998,0.02800000086426735,-0.9614284100000001,0.0,0.0
247,1.1416058540344238,-0.8656578282999998,0.03840000182390213,-0.9678863600000001,0.0,0.0
248,1.1466059684753418,-0.8656578282999998,0.02800000086426735,-0.9678863600000001,0.0,0.0
249,1.1506059169769287,-0.8656578282999998,0.035200003534555435,-0.9678863600000001,0.0,0.0
250,1.1556060314178467,-0.8656578282999998,0.035200003534555435,-0.9678863600000001,0.0,0.0
251,1.1596059799194336,-0.8656578282999998,0.03200000151991844,-0.9678863600000001,0.0,0.0
252,1.1646058559417725,-0.8656578282999998,0.04320000484585762,-0.9678863600000001,0.0,0.0
253,1.1686060428619385,-0.8656578282999998,0.03840000182390213,-0.9614284100000001,0.0,0.0
254,1.1746058464050293,-0.8656578282999998,0.035200003534555435,-0.9614284100000001,0.0,0.0
255,1.1786060333251953,-0.8656578282999998,0.03240000084042549,-0.9678863600000001,0.0,0.0
256,1.1836059093475342,-0.8656578282999998,0.041600000113248825,-0.9678863600000001,0.0,0.0
257,1.187605857849121,-0.8541921616999999,0.03360000252723694,-0.94851251,0.0,0.0
258,1.192605972290039,-0.8656578282999998,0.028800001367926598,-0.9614284100000001,0.0,0.0
259,1.197605848312378,-0.8656578282999998,0.028800001367926598,-0.9614284100000001,0.0,0.0
260,1.201606035232544,-0.8599249950000001,0.028800001367926598,-0.9678863600000001,0.0,0.0
261,1.2056059837341309,-0.8656578282999998,0.025200000032782555,-0.9678863600000001,0.0,0.0
262,1.2106058597564697,-0.8599249950000001,0.03960000351071358,-0.9678863600000001,0.0,0.0
263,1.2156059741973877,-0.8656578282999998,0.028800001367926598,-0.9678863600000001,0.0,0.0
264,1.2206058502197266,-0.8599249950000001,0.03840000182390213,-0.9614284100000001,0.0,0.0
265,1.2256059646606445,-0.8656578282999998,0.03840000182390213,-0.9678863600000001,0.0,0.0
266,1.2296059131622314,-0.8656578282999998,0.03840000182390213,-0.9678863600000001,0.0,0.0
267,1.2346060276031494,-0.8656578282999998,0.03840000182390213,-0.9678863600000001,0.0,0.0
268,1.2386059761047363,-0.8656578282999998,0.035200003534555435,-0.9678863600000001,0.0,0.0
269,1.2436058521270752,-0.8656578282999998,0.035200003534555435,-0.9678863600000001,0.0,0.0
270,1.2476060390472412,-0.8541921616999999,0.03240000084042549,-0.9549704600000001,0.0,0.0
271,1.25260591506958,-0.8599249950000001,0.028800001367926598,-0.9678863600000001,0.0,0.0
272,1.256605863571167,-0.8599249950000001,0.025200000032782555,-0.9678863600000001,0.0,0.0
273,1.262605905532837,-0.8656578282999998,0.03360000252723694,-0.9678863600000001,0.0,0.0
274,1.2666058540344238,-0.8656578282999998,0.03840000182390213,-0.9678863600000001,0.0,0.0
275,1.2716059684753418,-0.8656578282999998,0.03240000084042549,-0.9614284100000001,0.0,0.0
276,1.2756059169769287,-0.8599249950000001,0.03840000182390213,-0.9678863600000001,0.0,0.0
277,1.2806060314178467,-0.8656578282999998,0.028800001367926598,-0.9678863600000001,0.0,0.0
278,1.2846059799194336,-0.8656578282999998,0.035200003534555435,-0.9678863600000001,0.0,0.0
279,1.2896058559417725,-0.8656578282999998,0.03840000182390213,-0.9678863600000001,0.0,0.0
280,1.2946059703826904,-0.8656578282999998,0.03840000182390213,-0.9614284100000001,0.0,0.0
281,1.2986059188842773,-0.8656578282999998,0.028800001367926598,-0.9678863600000001,0.0,0.0
282,1.3036060333251953,-0.8656578282999998,0.035200003534555435,-0.9678863600000001,0.0,0.0
283,1.3086059093475342,-0.8599249950000001,0.03360000252723694,-0.9614284100000001,0.0,0.0
284,1.3136060237884521,-0.8656578282999998,0.035200003534555435,-0.9678863600000001,0.0,0.0
285,1.317605972290039,-0.8599249950000001,0.041600000113248825,-0.9678863600000001,0.0,0.0
286,1.321605920791626,-0.8656578282999998,0.03840000182390213,-0.9614284100000001,0.0,0.0
287,1.326606035232544,-0.8656578282999998,0.03200000151991844,-0.9678863600000001,0.0,0.0
288,1.3316059112548828,-0.8656578282999998,0.03360000252723694,-0.9678863600000001,0.0,0.0
289,1.3356058597564697,-0.8656578282999998,0.05040000379085541,-0.9678863600000001,0.0,0.0
290,1.3406059741973877,-0.8656578282999998,0.03200000151991844,-0.9678863600000001,0.0,0.0
291,1.3456058502197266,-0.8656578282999998,0.035200003534555435,-0.9678863600000001,0.0,0.0
292,1.3506059646606445,-0.8656578282999998,0.041600000113248825,-0.9678863600000001,0.0,0.0
293,1.3546059131622314,-0.8656578282999998,0.035200003534555435,-0.9614284100000001,0.0,0.0
294,1.3596060276031494,-0.8656578282999998,0.03840000182390213,-0.9678863600000001,0.0,0.0
295,1.3636059761047363,-0.8656578282999998,0.03840000182390213,-0.9614284100000001,0.0,0.0
296,1.3686058521270752,-0.8599249950000001,0.025600001215934753,-0.9614284100000001,0.0,0.0
297,1.3726060390472412,-0.8656578282999998,0.03840000182390213,-0.9614284100000001,0.0,0.0
298,1.37760591506958,-0.8656578282999998,0.04320000484585762,-0.9614284100000001,0.0,0.0
299,1.381605863571167,-0.8656578282999998,0.035200003534555435,-0.9614284100000001,0.0,0.0
300,1.387605905532837,-0.8656578282999998,0.028800001367926598,-0.9678863600000001,0.0,0.0
301,1.3916058540344238,-0.8656578282999998,0.03840000182390213,-0.9678863600000001,0.0,0.0
302,1.3966059684753418,-0.8656578282999998,0.036000002175569534,-0.9678863600000001,0.0,0.0
303,1.4006059169769287,-0.8656578282999998,0.035200003534555435,-0.9614284100000001,0.0,0.0
304,1.4056060314178467,-0.8656578282999998,0.041600000113248825,-0.9678863600000001,0.0,0.0
305,1.4096059799194336,-0.8656578282999998,0.035200003534555435,-0.9614284100000001,0.0,0.0
306,1.4146058559417725,-0.8656578282999998,0.03840000182390213,-0.9614284100000001,0.0,0.0
307,1.4186060428619385,-0.8656578282999998,0.028800001367926598,-0.9678863600000001,0.0,0.0
308,1.4236059188842773,-0.8656578282999998,0.03840000182390213,-0.9678863600000001,0.0,0.0
309,1.4276058673858643,-0.8656578282999998,0.028800001367926598,-0.9678863600000001,0.0,0.0
310,1.4336059093475342,-0.8656578282999998,0.035200003534555435,-0.9678863600000001,0.0,0.0
311,1.437605857849121,-0.8599249950000001,0.035200003534555435,-0.9678863600000001,0.0,0.0
312,1.442605972290039,-0.8656578282999998,0.036400001496076584,-0.9678863600000001,0.0,0.0
313,1.446605920791626,-0.8656578282999998,0.03360000252723694,-0.9678863600000001,0.0,0.0
314,1.451606035232544,-0.8656578282999998,0.04320000484585762,-0.9678863600000001,0.0,0.0
315,1.4566059112548828,-0.8656578282999998,0.03200000151991844,-0.9678863600000001,0.0,0.0
316,1.4606058597564697,-0.8656578282999998,0.035200003534555435,-0.9678863600000001,0.0,0.0
317,1.4656059741973877,-0.8656578282999998,0.02800000086426735,-0.9614284100000001,0.0,0.0
318,1.4696059226989746,-0.8656578282999998,0.03960000351071358,-0.9678863600000001,0.0,0.0
319,1.4756059646606445,-0.8656578282999998,0.035200003534555435,-0.9678863600000001,0.0,0.0
320,1.4796059131622314,-0.8656578282999998,0.035200003534555435,-0.9678863600000001,0.0,0.0
321,1.4846060276031494,-0.8656578282999998,0.036400001496076584,-0.9678863600000001,0.0,0.0
322,1.4886059761047363,-0.8656578282999998,0.036000002175569534,-0.9678863600000001,0.0,0.0
323,1.4936058521270752,-0.8599249950000001,0.03960000351071358,-0.9678863600000001,0.0,0.0
324,1.4976060390472412,-0.8656578282999998,0.03840000182390213,-0.9614284100000001,0.0,0.0
